2020
821
4763
5243
3077
7701
4427
5579
5154
2459
2104
8401
1605
5016
627
4661
6617
8441
1153
675
1279
3535
6907
8028
7536
2470
1313
6644
9691
402
9434
7014
5108
3818
5706
3594
1577
9164
4733
4359
64
5563
9987
1450
6832
6175
1909
2966
4062
2671
895
2311
256
9750
8442
4146
5860
5885
693
2140
7866
8910
6123
3883
2608
2785
7221
4904
54
2907
7099
8172
964
5147
5907
7203
3442
8287
3046
6960
1753
392
7632
8846
1160
6831
6375
1186
6324
5551
4064
5239
7717
9006
5986
7549
2457
656
5151
7079
752
9560
6268
3738
8059
2676
669
9337
8912
3619
3264
1694
8312
1716
5218
9252
7282
9106
1820
1342
9229
1478
7437
8558
2858
7148
5991
4814
7861
1590
615
226
8327
4551
6439
6760
4743
1475
7051
2705
8417
6583
1000
7556
2931
6828
2562
4185
5281
637
8868
9045
6990
3016
1708
5220
4786
9161
3969
6798
3208
4252
8596
1410
1648
1825
8181
9227
4377
464
9542
608
1213
5396
4511
5807
9167
4005
1809
8197
2990
6771
4004
1043
8963
4627
1712
6530
8764
7991
3761
4936
5628
6917
2673
4236
5770
9784
4272
3598
7278
6079
6209
3797
4200
8824
2206
7800
7375
3773
3418
6618
3388
6799
9606
3633
4696
6520
5411
4933
5626
7882
3194
4315
4963
5043
3886
6814
9861
8166
7191
153
8254
1836
3724
8112
6095
5613
1182
7903
3608
4648
9072
2742
8124
7208
2942
1431
2527
3024
1248
2451
396
9610
8302
9952
54
3
4818
2965
7041
8085
6112
3894
8767
8944
1062
6471
1621
5540
4466
5539
4714
8897
5982
7278
3457
8302
9012
994
5794
9533
6766
3337
6669
2333
5113
9931
9433
8660
3600
4775
3263
4552
2630
4193
5813
1886
6381
5051
8731
7532
9117
889
9019
3636
909
9097
8672
9073
8718
3752
6254
9665
2459
6493
3421
5245
3455
2977
541
2797
2855
3976
6709
3297
2140
9495
2535
3932
2957
9857
7951
7428
9316
838
8828
6887
2456
691
6403
7583
2000
5105
480
12
5753
1652
2748
5118
3342
1127
9079
927
9626
4507
5499
5309
117
8029
1977
3021
9647
359
5416
5593
4413
515
5672
1797
8209
9282
4989
9172
984
2280
456
5301
4913
5093
9893
3999
1232
3400
6606
2270
6755
1566
9194
8421
1698
2873
9074
356
4919
6482
3524
5979
467
4502
8182
6983
4189
5817
7088
1705
2928
7078
6653
6671
6316
8306
1700
5111
9395
3422
3338
5162
6577
6099
1505
3761
1585
2706
5457
4549
3392
8971
2011
6372
5397
9696
7790
6238
8126
804
8794
8885
4454
2011
7723
985
5409
3124
8506
713
6454
8738
9834
7915
6139
4816
2761
7245
5937
4388
5618
1424
6239
7252
2754
3798
4854
5152
8094
8271
1735
8282
3432
4630
5376
6449
8735
2911
5462
6758
3353
8198
9010
996
5796
4196
1429
2839
7167
2831
4523
9341
6557
5784
1480
2655
8793
75
4550
6113
3893
3365
7860
5102
8782
7583
4708
5298
2363
6987
9252
754
329
3281
2926
3493
6513
9924
6244
271
2171
3995
2126
1648
6740
8996
1934
3055
1357
8649
7492
1724
4771
7041
6066
7794
5888
3492
5380
5872
3855
5389
958
5982
1687
7321
1738
4086
9468
9243
4977
8540
9636
5405
3629
5323
3268
6738
5430
2112
7894
5998
806
4164
5842
6886
7030
2976
3308
3485
6521
4879
29
3229
6777
7850
157
4340
6091
7387
9483
4321
8743
1263
6063
7207
4440
6405
3601
9272
5814
625
2877
2104
8663
9838
6530
7819
688
2251
7755
5675
163
6907
580
9388
1516
8490
4410
9034
7262
2744
2319
588
233
3941
6065
9476
6188
215
5415
7239
9834
9356
8729
978
4068
5189
7369
2637
1480
20
3067
6802
5827
7576
5670
8407
288
7442
5425
5546
1115
6837
2542
2365
6789
3144
8526
5717
1451
7444
8540
8695
6919
5097
3042
6964
5656
7607
2399
2913
7728
3547
6459
7503
2902
7104
2086
2263
7743
7067
2217
4268
5738
6811
5540
9723
2396
3692
8744
3582
9691
315
5115
5174
2407
2289
7717
3381
5278
89
5149
4376
2836
4011
7144
8433
1245
2808
7198
5119
9614
2747
6427
5228
9926
80
7149
1766
5445
4561
4136
4078
3723
6623
3383
6794
3351
7385
7502
9326
9339
8861
2454
4710
314
1435
2439
7567
6410
898
3945
4165
3190
4752
2846
2762
4650
2992
975
5101
670
653
6365
6469
886
5814
1189
3282
9023
4814
5910
2748
972
7586
5531
4475
3167
2039
7967
6558
1366
4276
5730
6774
2492
7514
578
755
9251
9980
5130
5976
4030
5103
4305
8488
3372
4668
2935
7780
5538
4468
9268
5646
2879
8920
1086
6757
997
5815
7314
6541
3736
4911
2153
3442
5339
6902
3104
9117
3605
3575
7255
6056
6039
3967
5632
249
2564
7442
7017
5404
5049
4184
5822
9233
2405
6439
3690
5514
6599
6121
672
2928
4198
5319
6788
3218
2061
704
3751
485
9517
8932
7026
5377
7265
8785
6768
6681
2250
4732
437
2804
7228
6341
1716
3045
8786
7743
8839
3287
1511
4483
2428
7578
6270
7304
2702
1262
6077
9221
785
1829
7096
2910
6382
6559
3447
5484
634
7445
2561
3634
7678
1854
5641
6937
9393
4231
2968
7038
1831
2396
9636
9438
568
6239
3379
8197
4237
3464
1440
2615
3233
4522
810
2373
7633
8302
2790
9068
2741
1542
4436
5570
8657
3274
5822
4184
3759
7892
7537
1600
8406
1810
2728
6762
8567
384
24
9553
815
3071
1539
2660
4277
5729
4572
1955
5002
2757
1782
9832
7926
1152
3040
2946
929
3095
8671
8914
4619
6372
789
7843
3218
6585
2319
2628
3724
1823
47
2570
515
9491
8183
1878
8128
6011
819
6168
3838
4882
6603
3403
9499
9676
330
9304
4454
6277
3729
4802
2898
7081
3544
4840
968
5813
1074
8932
3725
1792
9032
8161
1845
7516
5041
9859
2569
1796
5207
6382
6482
7771
7783
9346
660
7935
2423
7330
1003
9811
2032
7974
9835
4452
1113
8893
8468
6704
6349
6502
3504
6915
4617
8651
5643
7467
2343
1865
7166
9422
9968
1082
9482
524
9374
7970
1010
4922
3947
7536
5630
6371
8259
6812
4795
5483
1052
5984
1689
8433
2850
3522
8904
2224
7965
1000
2096
3423
1647
3403
1348
8658
7350
5402
4604
8039
2847
8575
1431
2475
33
9973
4616
4793
5213
9121
4271
1429
8577
9650
193
4376
6492
7788
3559
8404
5550
4456
9256
7647
4880
1901
8105
3769
4537
9355
4556
3783
6449
7624
9001
283
3826
5389
4617
243
4738
3269
6949
5750
2472
7534
5540
157
2541
7465
7040
128
9780
5738
4268
7679
9716
3743
1183
3007
4566
4088
3506
5762
9724
838
8879
1127
9977
7302
342
1845
870
1296
9397
8979
860
8602
6585
5662
1231
3007
8719
4376
8800
2448
7830
7701
3435
6443
7539
1565
9796
9328
7273
2733
1425
1660
8346
7135
1943
2390
7616
8660
2784
7222
9023
9200
806
9321
4471
8860
1146
2219
6649
825
5020
6316
5266
104
2
10004
4797
3162
395
1415
8591
4255
9025
3836
2111
1338
9685
853
8490
9779
6182
7745
2261
119
4614
4645
8325
7126
460
9546
4711
9335
9839
167
9749
4362
4007
7776
2230
5641
1956
5990
6112
7936
496
18
7506
9762
6655
7776
2812
7194
6037
5626
8673
177
9209
2538
632
8152
33
3146
1129
3115
8691
9979
5684
8099
2516
7723
3098
6582
2316
385
1481
7150
5374
884
8836
1170
9869
2578
7428
7084
1892
8384
1622
2666
8308
1698
5519
5696
4310
6587
1737
8449
1557
2630
2054
6237
1926
3222
8650
3488
6995
3011
7811
5931
3164
1454
8552
4216
511
5329
1010
237
7078
8253
6369
7658
7599
9162
844
7418
1906
1446
5126
3927
745
9261
1133
5757
3941
6065
5640
1922
1567
7736
2270
5681
1961
5995
3678
5502
9100
8622
2861
5117
9681
795
2990
7016
5859
2919
5966
2164
1189
5774
3868
744
2632
4078
2061
7211
2780
7937
3642
3538
7962
3161
8543
7969
3703
3342
4438
9358
7582
9839
7784
2222
914
5840
4166
4679
9494
7903
2103
3147
7247
2759
982
1159
8847
8536
3686
4961
5045
6118
5326
9509
2792
4088
2819
7664
4766
5240
33
7006
4239
6825
3181
8852
3418
8236
7955
7182
5990
7165
5242
6531
5941
7504
2502
9612
4100
3247
6927
5728
5355
4651
8215
2832
708
9298
8873
1253
898
4280
5726
9137
2393
6427
1526
3350
3962
3484
1813
4069
8944
58
2358
7648
6491
3198
6245
9726
8751
3167
1261
7145
9033
544
8534
8859
4428
5630
1335
1742
6166
3280
8662
3719
9460
4649
5745
3992
2216
3005
950
9056
7748
3478
6528
7034
1842
8374
1632
2676
7641
2365
3261
3438
6568
8812
3962
9812
194
1267
3828
8011
5564
6860
1372
6217
312
9694
4487
9823
7056
8556
1450
7121
405
5223
7583
6810
8054
9229
1935
3224
8792
348
9658
1035
5530
6747
420
9228
3379
6627
5670
287
7577
2429
2004
1492
1137
7893
2113
5524
5694
9728
9729
1546
6351
5873
7333
9589
9312
426
1791
8215
7058
9291
2331
8625
7650
2079
173
7805
9693
3422
1405
5144
713
441
6153
8681
3098
5556
931
6778
2512
3494
4590
2693
917
959
8911
1095
9794
3544
6462
359
5174
7039
2967
4011
3656
6350
2028
2205
7801
636
5793
6643
3363
4436
489
4672
894
2190
438
5283
3758
6248
1041
9041
6274
6008
3998
9669
6268
1079
9466
8693
8259
9434
409
1698
2942
4505
5501
4503
8998
8937
2610
1411
4773
5233
5936
553
2640
7366
6941
4129
3774
3835
6171
9582
8703
2730
1967
3791
4615
4137
3925
6181
5082
6203
6840
3166
2009
9358
2398
5563
4588
4143
2237
4787
6675
5909
3892
4392
9968
425
6137
9792
4209
61
5443
2888
8629
3772
4868
8542
6766
6312
4257
5749
4441
7245
2761
4045
8860
1772
8234
9278
9597
409
1571
1748
8258
6728
1878
1029
8977
43
201
4384
7693
8989
7802
2640
9288
718
5518
5521
2754
2012
7994
3658
6477
1288
6041
5268
5957
7132
655
1944
7859
9422
584
7931
2419
8020
1693
494
7132
2874
6903
1520
380
9626
9201
7809
7454
9473
533
3944
493
4527
5802
7626
6731
6253
5681
7937
9869
983
4767
5239
4082
1137
4184
5191
4216
4348
2442
211
2099
6636
4619
3464
9040
1044
6756
3711
8135
5629
1004
7030
2764
1773
2869
5540
3764
2485
430
9576
8268
4786
5220
290
5105
1021
8985
22
534
9472
6117
6294
3712
8710
3860
4321
5685
6758
1336
5519
6715
8011
5605
443
6744
3262
8062
1603
8843
9004
1002
6673
6522
1333
324
9558
1200
2375
9901
1183
8391
9954
52
7903
2391
2843
6523
5324
2804
7202
6393
1010
5256
4750
4325
5537
5182
249
9757
3161
1646
5680
6915
8739
7426
6948
5293
7549
9176
290
1783
8223
7066
3341
6388
7074
6099
2046
140
7126
9014
5404
3387
9345
4914
6492
2197
678
5102
364
5746
644
6385
7184
8280
345
8576
6066
4011
5995
4687
474
9532
6089
897
8185
1821
2865
4041
5965
6617
6794
3212
5833
983
4551
5455
6528
9337
3513
8276
9572
9920
4758
5095
4911
9711
9330
6563
8690
1316
6987
403
5221
721
9955
4485
5660
6194
7483
318
1881
8125
1481
5976
9868
3541
2342
5128
4878
2357
6981
4247
5759
5334
3372
3017
1854
8152
1556
5198
9232
7011
8835
7432
6954
7795
44
5340
6461
2146
7860
6703
5635
8682
3649
2674
7296
5390
4162
6050
3032
1015
5105
674
866
6578
4813
9237
5790
1165
1280
7021
2364
3460
1812
36
3246
1191
8815
7507
2179
7827
8774
3582
8722
1284
2328
2833
7173
9789
9966
40
1431
6588
4409
5597
6670
8139
2315
1047
2343
2470
7315
718
9288
4081
2471
9711
9580
426
6097
91
4909
998
225
8113
9288
129
1418
9305
861
9145
1008
5503
6401
74
