2020
2241
9327
9129
8033
5403
8332
3217
1589
7032
974
3931
5238
4083
4361
2362
7773
2953
6799
6861
8215
7118
6403
4669
2955
2969
6180
1413
3834
860
2087
4027
1524
1416
8096
4842
1891
9108
8220
7550
9704
7678
4752
4122
9732
4093
5225
8964
3784
6547
9105
3958
3568
9900
2597
8063
7995
8124
1257
2364
3943
2272
10004
3577
2672
4536
7475
3224
8198
9652
7188
2444
848
5053
8113
2308
1106
1326
320
5466
7771
6783
7480
3656
1492
2654
8985
3597
4400
7733
9504
405
2803
3846
7901
8008
3243
1834
8186
2611
1267
3228
538
8290
3591
5883
9776
9896
250
9425
1585
4685
2336
7528
1799
5162
9525
218
656
2474
3440
4845
6153
3083
8024
2624
6393
3805
6360
6958
2586
9114
6737
5507
9312
7833
8137
6383
2941
9765
940
8999
6808
9640
147
6530
1632
4743
1343
7793
4681
9996
8890
5396
1723
597
5382
8519
5364
2961
1486
4137
1021
3989
4245
4348
7243
7196
7138
8131
7866
4984
150
785
5614
4547
6424
4482
808
1597
1719
8257
6744
2109
1925
4040
6650
1993
3911
3510
886
2332
5181
3161
8759
6086
1297
5820
330
6330
4366
2794
1067
5962
8596
8014
1760
9798
7794
2766
4652
5489
3754
3955
9313
5918
2793
2982
1299
1990
9656
9535
1082
7258
8492
7034
7151
3250
8443
799
8825
9787
8845
1508
2035
3537
9223
8149
3417
8862
8981
1250
5762
1323
6065
1484
7967
1702
784
7529
9891
9825
6124
8583
2888
1183
3976
9126
3771
1421
8528
8143
4900
898
9373
1095
2377
9069
2849
5819
2245
1667
7767
4436
8842
7253
8060
3733
4142
1453
7290
7254
6145
8396
741
9818
9522
5963
6681
2670
8366
8156
19
1475
5188
9770
1372
2293
9817
1430
1300
75
4312
6134
9447
9490
7201
7570
1425
868
6781
1303
4337
8294
5938
4521
6179
3328
9178
4261
3729
1795
2815
880
3815
7224
3553
8604
2701
9043
2604
4665
608
4331
9777
7981
4913
6024
9950
6917
1045
8064
6080
2780
7863
722
6175
981
533
7858
290
2874
7979
8743
6705
6745
194
6588
639
5008
4225
2620
4046
5167
9957
3519
3665
4271
4593
8397
8833
4474
6121
4321
8913
1379
8902
2430
7644
9820
5692
5282
9886
9393
2823
5574
1091
30
424
6446
2380
3324
6831
5623
7326
8363
3894
6044
1671
107
3074
5245
685
6981
8576
6286
8570
7769
606
8161
451
4776
8197
1560
2525
5845
2490
2821
9404
1772
6832
3708
1982
4962
2252
8276
380
643
7355
2863
9030
7485
4088
4793
5663
775
4750
7952
406
888
8509
4500
6366
5475
543
8722
6892
8892
1566
1042
3802
2098
2976
2782
4033
41
9380
7704
4997
5276
1362
1429
3215
5419
7713
7776
7215
774
6665
3289
3807
2530
6277
5791
5830
1194
2925
377
6388
3373
3059
3949
789
7961
3185
2827
7921
9736
6440
3863
5367
7223
5468
3941
6102
678
372
5956
72
50
2152
9643
4409
505
1436
9824
8039
3920
6289
2825
1744
410
3235
7147
903
9805
4396
5386
859
4002
9371
4925
3058
5864
6133
1355
4827
595
9212
9200
2159
6245
7029
6719
9956
5434
9009
7672
6235
6165
117
3938
1840
6703
568
875
3383
3923
544
6807
1548
5491
9931
3274
2511
2634
7257
400
2371
545
4892
6211
2090
8289
5506
1220
3170
1531
8025
709
1049
404
4718
9190
1295
9650
1011
3125
7650
8337
3649
4890
34
2771
5084
8790
6763
5752
459
9470
5473
4373
9403
3687
2169
7109
3624
2730
3543
7740
6106
3025
9017
2359
3511
8978
6995
1780
1519
984
4795
1833
94
7955
4668
4870
8313
9581
3055
1602
2151
1551
9753
3906
3078
7592
9330
3384
2008
5207
3406
9913
7723
8640
3810
6792
252
5595
904
7890
9059
1985
9224
6234
8080
5461
7339
3482
4471
1859
339
9109
6305
2206
6303
6036
6984
2831
261
8374
2843
7302
4288
2059
7612
1051
6581
4037
2388
8018
4107
8436
4197
6205
3573
325
5898
1065
9792
9277
4809
5044
5334
369
1694
6097
246
7078
2947
8282
8904
8607
6963
3018
2408
9746
7304
458
1378
810
7774
1038
1455
3460
6573
9350
5112
5205
7236
587
4518
1917
9353
9374
9187
7040
5668
1207
8051
954
2203
2041
2054
7180
7757
3572
2240
1235
4466
1427
7045
6100
4508
1053
2751
3356
5593
4734
8571
5854
5269
4760
8816
7008
6906
2096
6806
3463
828
3325
4916
279
3925
6721
6126
4753
2207
4388
692
3583
1189
2493
7083
3379
1576
1906
397
8116
6570
5088
1130
5401
2155
3898
8391
309
6517
6513
4166
5528
9125
5686
6765
1922
9785
2668
2189
8837
6821
4759
724
2345
300
3738
4574
4754
292
9051
7298
1941
3421
1202
7619
7660
9201
244
901
3628
5077
2181
4143
9545
1946
3853
4503
621
9457
347
3796
3581
5019
3174
3878
6663
7119
4488
9332
9561
1327
8412
122
4370
5141
9712
2365
2028
6935
6603
1935
4904
3245
8011
7505
5816
7990
7692
7963
9362
2146
1119
6452
897
1281
6439
5778
704
617
7110
1709
7393
142
6098
8338
1734
9553
6640
1129
7316
7499
7299
26
8084
7808
5977
9892
7910
780
5182
1246
3415
2685
9662
8052
9046
6866
8647
412
9412
6466
4108
6521
8860
2804
1931
2557
4607
1601
4066
6895
3147
5548
846
8883
8794
9110
4390
6869
2902
4394
9216
1540
797
2648
461
5640
4792
7578
6119
8151
9594
8181
2179
7973
219
8748
7137
39
3203
8385
1792
8560
6905
4011
2143
6864
2470
1093
6207
9750
9651
9103
7788
4249
6695
5881
3599
570
7052
2702
7128
7267
1264
8973
6563
8486
8517
9194
3642
8288
7421
6564
6571
3173
5793
2000
513
6130
7100
845
791
4131
2504
6032
4637
4193
3858
4935
3922
2459
2144
4949
7133
7699
4565
1975
8360
9639
2062
1867
5033
6385
9118
9084
4145
5715
1265
7058
1219
5085
6875
1419
2351
8824
1695
4182
4909
3677
1305
507
7613
9143
1237
636
746
243
2816
8972
8478
3823
1911
829
1410
9579
6885
2283
8953
4835
5289
6488
2006
9037
4087
6708
1000
4176
6392
5720
1697
352
4228
6882
8028
4971
5031
208
9799
5879
7429
1251
3847
5986
2664
9849
192
411
1320
1803
7509
8163
6628
4095
1395
8283
6989
3263
3562
1376
4640
8455
7840
4739
9003
9155
8278
6557
9969
553
9586
3487
4903
5160
3348
899
7458
5758
8983
7427
5081
4528
2781
5948
5385
2774
9346
2765
6567
826
7155
5597
7081
7209
2257
8708
3681
3652
9152
4016
2575
158
5479
2890
7360
3295
2324
487
5885
5946
9215
3455
6141
6049
2103
3408
6083
7042
1838
526
1249
7677
6667
9466
3126
5735
2993
248
3248
2266
1480
5620
3064
4381
4090
963
4982
3980
1466
2409
7831
1960
7064
9743
3042
6483
1574
5736
1078
4911
9854
624
3712
4329
3600
8662
1708
9308
5486
9499
9980
9509
837
6104
6855
9698
9161
6795
4514
9577
708
2964
5748
8119
825
9070
934
475
8851
25
9999
3145
9378
1527
5678
2071
4646
6972
5797
4347
9158
2533
532
9773
5634
6275
9621
6511
7996
6209
5920
8970
2301
4504
8713
4113
6953
2154
5813
3728
3710
8159
4281
5457
4992
4844
8068
8427
1418
4266
4161
5096
5824
2677
4968
769
6233
9995
798
733
5124
2239
3150
9810
4828
8687
3868
5799
517
8477
5738
7255
4230
3052
7347
8176
1747
4672
7217
6951
5984
6494
523
6994
3695
6863
4385
6437
9608
1385
7419
387
7252
9975
9077
7543
3095
5058
8545
5609
4115
3123
1473
9018
444
8174
5577
5353
4012
228
1520
9076
9458
8439
8459
180
3377
5406
2587
7199
1393
2106
7670
58
6846
6919
7222
7383
9285
9503
2320
8147
7247
9543
5776
4534
1298
3905
4993
2929
2724
5026
9783
6498
2870
5632
98
295
3306
1273
1745
8502
7898
3746
9268
2030
3105
5922
5140
1620
7709
5429
8577
4371
3226
4368
8971
386
9167
5312
2471
9185
863
6349
8009
1328
6497
4785
969
3499
1937
1074
2564
1209
4221
273
5408
8764
6518
4598
8829
2127
7483
7918
5474
2458
4059
286
527
9341
2333
3266
7824
5358
4444
3529
4529
866
604
1984
1132
1571
1474
7103
5107
4773
3935
7585
2721
764
5801
6694
7796
8943
3971
8694
470
8419
6731
6990
1348
8225
7982
2998
680
6549
5275
3277
6773
6616
7061
5481
9067
6679
6500
9047
4951
3303
7018
7770
8698
2817
7057
3134
422
269
3061
119
108
1159
9908
7291
5339
801
4995
9106
2043
8231
6499
955
288
6704
8660
5538
9989
2281
2776
5516
2084
9772
7549
1612
3015
8153
5764
7500
5384
4689
4683
6166
8209
8601
8446
5061
2800
9591
3919
8204
8169
5145
2052
1003
8438
367
5524
6778
7048
355
8490
857
7832
45
1720
6342
1400
8715
283
6272
5359
2529
8192
1128
9231
2836
693
1668
5852
9099
5441
5611
285
2442
4678
5734
4908
5592
6649
3908
9255
6911
2528
100
6472
2625
4478
8468
2959
5316
4818
7823
7273
9788
6930
6171
8641
1895
1448
6858
3953
3136
6599
9595
6266
6842
4572
8584
973
5846
575
7484
6003
130
9064
2417
2518
9243
9877
6614
884
6162
5862
9963
2036
1622
3879
4748
1775
1087
7690
1786
36
8948
4403
1988
3479
209
7884
535
4028
9616
6079
4695
3200
4123
7817
8756
1824
7322
6016
5256
9641
8239
1186
8238
3101
3575
6502
5217
4270
6508
3734
2227
6116
3889
5612
8377
7105
1277
4092
7140
4301
7185
8189
6873
5249
3032
5619
4979
9725
7491
2605
2750
5271
930
8135
206
3622
6560
4224
4535
9390
8568
1592
1287
4956
3735
312
772
488
3970
602
5814
1813
8373
4758
2639
7689
3701
5380
2342
6045
9763
4770
9680
3603
2917
5690
9112
560
6188
6107
1110
3673
8965
1869
1203
5704
2316
5800
8609
3133
2337
5613
6462
1761
7883
2450
9372
3010
7721
2463
4491
3587
3536
1131
3486
6818
497
6749
2541
5226
7049
8447
3146
7463
6190
2277
429
6878
5681
6333
8628
6776
871
1036
5285
4141
3368
2627
648
7787
6164
2032
9282
5241
8345
8343
2166
2847
9649
2926
8469
1044
9979
1417
6181
9505
8497
7466
445
6259
233
1952
2370
2460
229
9612
3732
6057
6797
684
8896
3913
9687
205
5537
1897
7625
6177
7158
9859
1056
7013
7338
5397
9815
5260
1981
6877
7596
1670
2022
8418
8646
2327
4749
9867
5750
4289
144
2268
7657
4939
6269
1097
8554
8388
6054
2535
6709
9092
8839
2991
4078
3929
9068
4764
1156
5646
3309
5535
5727
8306
2972
435
5395
3638
5941
8783
154
3132
4252
950
9863
3403
5651
3741
8836
8736
96
4125
3987
8075
5029
4038
473
2674
706
6794
6429
4914
4109
4606
3516
9410
289
4789
3316
2137
8347
4513
1485
6052
6365
7390
5887
2116
8534
6660
2857
506
9528
4480
4638
2278
8521
1534
2280
4691
853
5485
1407
5317
2903
2479
3872
8146
9162
4880
9177
6176
9073
5196
4457
8655
5106
6688
9279
979
4363
8539
7092
6158
3515
1318
5633
8190
4958
9912
9638
3977
7211
8434
8027
6886
368
3609
1434
3647
8720
715
9573
8368
4326
9345
4680
1904
4227
8797
3365
8372
6673
7983
1083
5343
3148
3633
5509
5482
7152
1335
3099
7405
7183
2012
7554
2044
6316
1155
7561
8653
8936
7369
6074
4263
9906
1114
6020
7603
8279
4642
4625
7159
7944
5719
3612
5696
7629
8524
5796
6262
4495
5934
2174
7541
6925
5739
5340
8893
9658
5705
401
456
5208
1491
4569
4322
6998
6042
5501
788
9876
8529
6228
9563
7504
7731
3327
1086
9605
7130
3437
583
2171
3279
2943
5935
259
2197
3524
4097
7572
7602
187
9986
8026
8801
5712
7010
3076
1415
4
179
5292
743
5988
8841
9168
3397
7134
5784
9228
8581
6718
1864
771
2403
9314
4003
7456
9588
9664
4222
8365
64
5363
4876
6830
7538
2663
1757
5536
3812
2962
9578
8800
7627
2347
6477
3057
7779
1470
4756
6469
8370
496
8664
7885
8627
8691
6215
4437
6927
1909
4659
2091
6374
162
7826
1528
3763
6734
1245
5330
8029
3056
9694
6814
8157
8111
6138
1787
8128
3604
1002
346
5711
8925
8420
4816
1646
7954
6583
207
1707
1216
823
2893
1615
7277
2128
5568
2574
2073
816
6291
9002
1063
3615
9958
1604
8328
870
2951
622
7542
5010
395
1939
7251
1883
4414
937
4737
2826
9836
5073
9841
5505
3135
8514
4932
9667
8484
2340
9875
437
1565
2957
9146
5499
4618
550
5324
9512
5099
79
6659
4772
5850
2922
6122
2406
3569
7985
7260
4662
6353
349
9973
2900
8224
9897
8342
4081
8191
3043
4568
6237
2335
9443
7143
8563
1160
7993
1947
1938
9166
7227
7815
2579
2505
4117
9300
792
2216
7167
2631
2995
6425
2567
5471
8203
77
482
5453
2645
6206
1658
4988
2497
9430
2017
7986
5345
9325
2952
8714
2198
1609
8760
4171
5960
2419
8695
8562
3075
3330
5348
3580
6934
8518
7279
8305
4887
5779
8796
5280
3709
67
9625
8858
6634
2612
9359
7891
7144
6648
5823
4592
305
4170
7875
7763
2089
197
843
4621
4812
9306
9316
173
6775
2786
6380
8686
5783
1136
3918
112
3506
8546
3694
8778
9729
9838
1243
9160
8710
9858
2971
2350
732
7039
7583
6551
1445
2596
9978
3332
1518
2899
132
5234
1736
5723
5959
4334
4032
1956
4717
1098
6639
3044
2653
893
8941
7801
9375
7272
1696
2267
9572
276
9670
2739
6322
9679
5518
8261
9091
747
8335
7479
5571
6836
6055
620
1365
5691
7197
5223
2787
4465
3342
2382
9501
6150
8828
4042
2820
1312
7116
226
5350
9757
6253
1716
3995
2762
2305
6851
7351
516
385
1075
649
5872
820
8638
7640
7473
7054
8879
6447
465
7987
3430
3981
9558
7072
4430
318
9296
8452
3578
757
9199
4074
1582
423
8361
7724
6725
8473
3391
8617
7827
9620
8426
3333
9610
7562
6738
3592
3968
4432
6495
8615
1650
294
5221
6617
5146
137
5666
5037
8732
7756
5487
7584
4636
6108
9202
8336
5564
227
3435
4413
2852
74
6227
1471
2841
1125
4969
8861
889
6594
9163
2965
3833
2775
7431
7428
3166
9191
9387
4306
7617
1483
9882
7046
4185
9171
7659
1109
5588
4302
5270
2845
3472
3607
5264
4328
5515
3999
5109
943
3254
783
9444
5228
3219
7766
6351
4179
647
9702
1501
5433
917
3009
9636
7807
7892
5229
1304
2422
2950
2537
2879
8411
2037
9714
8542
1347
133
3319
6399
2322
4317
6566
2741
2492
8998
8723
4977
3548
8172
9407
6034
807
3512
7063
1651
8386
9884
3216
3504
2369
4375
5573
3006
5374
3825
8088
148
4615
6295
1342
9708
18
3390
525
3164
3014
61
1101
894
7026
2457
5974
5630
3928
976
101
4557
7288
1077
6826
5191
4025
5354
2097
4891
8126
7434
1683
7148
8995
4461
995
3744
3091
2711
9907
9206
676
4202
6637
6874
3334
7695
2218
3337
1950
6200
3141
7031
2889
9275
8639
5725
2129
3653
7237
8679
9181
8523
7711
1599
7896
7576
9949
8832
6389
1458
7722
548
9154
186
1894
3363
2195
7354
4778
4367
879
5730
2561
6954
239
469
327
2068
384
2990
5993
9273
2462
6406
8931
6937
2773
1254
8109
9968
2468
4923
6888
6545
2928
4639
363
3177
8140
638
6923
9569
6021
5688
2935
1241
2983
9391
6653
6255
7893
3314
5967
9028
1308
4769
1588
8947
6318
7332
6880
1851
5652
1826
3492
5335
8461
6357
2696
8611
9310
1656
8818
3178
6225
5301
3522
7927
8253
4397
3471
5522
601
7729
7157
1767
6400
407
8980
3165
1099
4724
7707
9259
9258
1166
6510
9911
1546
9321
605
69
5795
8177
9839
9335
3816
5309
8216
5203
1059
1268
1313
5201
4889
1949
8115
8485
425
4531
7043
9930
5189
7855
6035
8899
8175
3662
9
611
8593
3752
7785
9994
2713
6077
8525
3881
918
1094
4292
4406
6250
7461
13
2958
7231
155
1217
8915
7556
8221
5635
4360
4277
3110
6354
8441
4629
9506
6582
2122
7051
4617
2465
661
2906
6741
7854
7950
4236
1569
5304
7784
1902
8057
9478
160
1649
2209
558
11
6788
7912
6957
4501
4451
131
7149
7080
9124
7601
2102
5323
1420
436
3480
8301
2540
7141
2386
1841
4788
5231
7481
1741
6155
9260
7343
5829
3109
8269
3778
8030
1141
4350
3413
6515
336
4847
2323
2402
1222
9347
850
1223
7432
5513
7829
5790
7745
6538
6326
2019
4156
4664
2523
9675
3171
9623
2681
7315
9414
2636
3427
9726
5576
7268
9356
3629
3162
6844
742
7903
4178
2562
5039
4902
7075
8692
4300
9100
3526
267
6891
800
6910
4443
5444
9873
4267
2246
9759
2423
1035
7200
9485
6769
4269
8423
9078
5628
7758
1657
6903
7841
2824
3659
5754
6636
8789
8678
1089
3860
1105
3241
5664
8867
9413
4551
8771
3120
7218
5036
640
3093
8888
9226
2404
7399
8666
4055
7946
1889
2931
8901
4345
2981
3214
7334
3050
1170
8857
8549
7956
2753
9533
4912
7939
5287
311
2687
5832
7371
2244
3582
3104
7837
477
5021
9351
3197
9868
3835
8952
6750
626
9889
3648
6805
5378
6172
6726
6558
8054
5216
6185
1845
7135
3869
3884
5180
5076
4096
9487
2939
3588
1621
5794
85
5176
2729
5458
3077
9507
4667
6785
3650
2975
4697
9377
3442
1015
5472
6288
4740
7088
3811
4877
4915
2194
9269
115
7768
2521
3498
3852
6418
5965
2851
1989
1564
4872
4483
8900
6260
8325
6615
8976
818
2461
8321
4268
331
4415
9029
9400
9432
8194
7305
8550
6041
7416
6132
3270
164
3996
847
6968
3450
5709
2748
9101
1611
4930
3490
9165
9142
3152
5980
4147
1885
584
256
7942
9549
4293
2491
906
4060
8378
5190
5940
691
5498
6533
5894
8725
1147
2867
1370
6123
491
8232
4584
5618
6894
5062
885
4247
518
6562
394
3854
2588
5284
6056
8712
6028
2290
5555
7455
1496
5001
7623
10007
7839
6654
4340
2549
9920
4325
1253
17
5305
5869
6565
4656
7836
2392
358
2745
4839
7636
5126
8416
2469
3008
1544
3144
1286
6871
9079
3713
2414
8263
5261
66
1533
4195
28
4254
7127
9182
6608
2367
8205
6254
9808
8658
9368
663
9083
6060
1052
4666
8700
8994
6376
6339
7145
4733
479
1191
8670
6402
6584
8299
6370
7822
9188
5125
324
7813
6409
3186
912
2577
6335
4798
6095
4076
7759
9749
1559
4440
1182
5891
4463
7172
3063
6296
9434
4364
6624
1748
2757
1873
3550
4342
8726
9239
7530
7976
4481
2723
6941
5120
9899
4512
3400
1389
9766
9032
3655
3407
7998
2379
5239
2168
9024
8968
6131
5185
5508
7397
2489
4736
4741
5173
8474
1476
3273
4426
7978
651
2042
139
1836
4356
1930
4472
9951
5002
5708
4663
4438
5012
6572
1258
449
8606
8878
8362
5809
1381
5072
1749
842
6536
149
2700
951
7948
8066
2250
2099
1061
7445
632
8406
1605
6413
5533
9557
8987
9774
3719
931
6220
4869
221
4918
6456
3244
9926
2842
9217
9632
5460
9254
8826
7872
3501
8114
393
5769
7932
8685
7698
6480
7319
1754
1274
9837
3158
4497
2104
1493
739
3641
196
2758
9965
8213
941
7084
1464
6239
8512
8762
341
5279
5624
5411
3019
493
4402
3903
8823
3610
9526
8310
5319
9080
1798
7077
4862
3619
2298
242
4731
4309
1872
5465
9686
2120
874
5298
9267
3945
8449
9323
6782
9395
9000
4893
4296
6753
4888
3864
3452
1879
2067
2299
8334
9394
908
230
7697
8395
2656
5155
2916
7605
4449
3961
7830
3875
2401
3137
4684
4251
2865
5200
6804
7293
1509
120
8200
5822
6507
5649
7571
9517
5531
3380
9668
6569
7003
6474
8802
3797
1666
9682
9780
2236
8895
5828
5024
3606
7179
9672
8916
5641
2877
2234
2718
6509
1819
6890
2715
2247
7844
7086
7641
5558
1710
5478
4805
2697
6696
3966
8262
7176
5410
4934
5837
7803
5545
6591
4901
8990
4029
7701
735
1294
1558
6355
6526
9292
6105
4940
4354
5760
5153
6746
8286
1244
7245
3366
6457
1329
4582
9448
7575
1857
4169
9790
3100
5490
1839
8618
5912
4276
5025
1691
1835
6271
7274
7873
1586
2770
6999
4127
157
7394
8234
754
4937
92
1778
5349
1665
1590
5117
5637
530
3596
6315
3070
2898
2047
571
5137
7365
3727
5625
3496
7682
7099
2760
6135
7532
4146
3800
5928
3657
9584
7317
5584
1955
6632
6442
33
4686
421
2184
8405
3520
1750
8934
1192
6755
1058
3183
6657
8602
6531
9724
9406
7949
6151
6913
8705
9426
9677
9348
8942
5886
4031
3871
54
4499
8281
812
3944
357
4660
176
1030
6768
6184
3760
2472
7270
5526
2948
6367
3560
5206
5321
5250
1117
275
1578
8083
9723
1314
3286
9552
8555
6473
710
9141
5067
1317
7548
3527
8359
1547
7406
5268
6675
4153
402
8548
9871
8097
2927
6554
5707
6578
9782
8413
8214
9033
1740
8070
4597
737
7471
877
9560
3242
3749
3523
6012
2909
996
1829
7754
9317
8265
1431
9392
4738
911
4492
1672
8199
7737
1844
9050
9213
7285
6822
2844
5387
8951
8665
5970
3283
5290
4573
6669
5636
2445
8940
9716
4712
666
3338
35
856
9747
5389
5121
7984
9175
10006
9754
1991
7741
4191
7688
5616
717
5743
7687
7531
6061
9144
9329
5299
7352
8608
5048
7681
9014
8104
9536
9174
1914
5091
5392
9383
1959
8979
5080
6443
8125
9349
7027
542
630
2229
2286
3208
8817
5093
1562
8702
5164
5695
9544
3861
9197
7904
2263
7225
1638
3260
9307
7401
4836
3374
1144
8612
7395
6319
5417
1536
8457
4010
4058
2201
5871
2735
3975
1034
9115
4822
163
5911
6191
362
5092
3477
4039
8565
7337
7312
5152
8661
3623
4645
8887
1134
7748
793
301
1823
9237
1353
8657
1276
6007
2477
7702
8827
5957
8164
4713
8758
8001
6641
9221
1972
4098
5657
2258
6793
8344
251
7510
6248
1284
694
9760
508
5698
3799
7843
9001
2978
8959
3352
3246
6096
2161
2415
6348
9924
6672
9898
6427
8744
4790
1401
6800
4946
2871
3717
4761
6901
1664
3505
454
9038
2172
1364
7606
2534
8624
4429
2233
4633
1846
5220
8532
483
3538
7308
2805
16
7220
1206
9966
6298
5604
3683
9829
8471
7221
9298
4622
2897
3962
5915
8538
9007
1495
6916
2960
3401
9481
4422
5631
2013
5639
6707
2915
9520
9793
7362
9472
1643
3692
2601
403
6633
4527
4696
1285
8786
4416
7114
4056
6031
6552
9537
7259
6577
1690
3750
1608
668
9515
9361
4061
6463
9853
2539
9056
7730
5242
6430
2999
8772
1205
1874
1635
9005
5325
7597
9762
6685
5017
7004
4559
3458
396
24
1907
8489
2772
3169
3446
3362
4110
2691
8179
6009
8654
7021
2025
2673
2621
2131
9830
6556
1877
5897
2980
5129
2671
6451
2812
6625
9840
7420
8479
1908
6574
7435
9775
1804
5594
2819
3227
2453
3627
6992
7525
7544
1180
9721
5144
3967
6347
1832
2009
3292
8069
6512
6081
865
2519
7328
4533
3213
9249
8394
4571
492
6317
9247
2217
5252
7294
9601
4783
4799
4180
8739
4358
8107
3791
3149
1718
165
2081
5510
3567
1808
7941
1457
9637
5892
2548
1828
9669
4654
1659
3073
7160
6029
375
211
4054
9861
7233
6332
536
2113
4272
2678
3053
5432
2832
8353
3030
9449
5660
6520
768
8148
5332
4199
2375
2892
3530
2614
5529
7210
342
3364
280
2010
1377
2725
3111
4439
3097
1228
7864
8814
831
7587
8898
83
9006
3410
2253
6361
5043
7249
5713
5095
7739
8021
8369
2411
4001
1279
262
6459
7506
3901
2646
4291
6321
1587
855
1655
726
8522
9626
6943
1290
9218
7717
116
5853
7184
97
2210
8650
4674
3387
6270
9189
3210
4987
4412
4767
5418
9628
3113
609
2416
4433
4580
3271
8256
8659
7453
5326
5682
4418
3284
3375
9236
3268
3994
4677
7649
245
8993
8291
1676
539
6375
8254
2482
8134
2121
8966
9961
5866
2303
674
8032
7318
3669
6618
3231
4800
2265
3395
957
6465
6023
1858
2254
4446
9706
3848
4071
7327
6448
8557
2643
29
2339
1783
5781
4966
4599
6914
6790
4082
6276
7706
1167
4595
4567
8152
7679
2837
8785
6331
2451
7457
7673
4320
821
6723
2296
4072
5412
1104
5156
1001
2261
1048
2319
55
2584
2937
7418
2302
2589
3369
712
5311
4386
4522
4264
7991
5777
2619
5961
504
3351
5161
1433
5562
4057
4116
1208
6136
5617
8809
399
4286
5889
8293
7853
9865
9580
4970
6946
5552
3193
7521
5197
2542
3311
1705
5046
1504
9695
4899
2813
4710
4496
4019
6837
4140
5283
7971
4049
9429
3932
3323
8746
960
720
10005
1662
7335
1135
5833
5456
6907
181
1462
62
9193
5557
3625
815
8206
4339
4464
5257
7726
2895
7792
6596
5333
2284
7038
9498
1888
4846
4238
7746
4623
982
8625
2514
6896
1232
204
7452
7241
1019
7819
4926
1143
520
2732
9720
7059
9311
9748
3474
9784
4583
7533
2231
8463
2527
2015
1809
6026
6120
6236
4250
4780
537
198
8935
9284
1411
7664
1541
8889
7311
7067
3998
7024
6287
6655
2425
7212
6519
2683
3485
8733
5841
143
4183
2994
8340
7911
8872
9845
7852
1773
4917
8371
8588
3320
4484
6985
916
4924
4973
1201
9534
2997
2595
1886
8676
4919
4541
7907
6525
1200
1442
8341
5996
3528
6444
6210
4005
3626
8907
2862
938
2822
7489
6435
3431
2066
4214
3671
2788
2550
8005
8988
7859
8382
7537
4578
7101
8937
5454
730
862
8264
3346
4729
8139
2553
2260
2963
7663
3456
4226
705
8709
1766
8315
5751
2374
4807
8874
6015
7171
4978
1633
2828
6006
4392
3039
2221
7599
5932
6004
8222
3720
9023
876
1468
8586
7150
5165
3780
4200
460
7555
129
972
7761
5919
878
7645
7905
348
1881
8244
1618
1532
6110
5372
7655
8769
6950
7899
1831
3924
8636
1463
8154
3849
2156
1983
3047
6915
4875
8745
2875
6064
3399
3304
5103
2426
5297
1175
9289
1843
958
4550
679
8464
612
6678
8415
4384
8352
4945
4786
9061
8162
8543
9439
4796
9925
4757
4554
3026
7102
7022
110
7336
9227
489
2055
5265
2413
171
598
3467
3175
1963
1319
3718
2846
1557
8270
1863
2686
7747
2708
5645
5224
872
9128
9948
740
1726
4859
9364
8323
438
9657
7620
5745
3857
6850
9266
5860
3786
2717
8424
7163
284
4357
15
9135
6550
3360
7940
3372
4974
9293
4190
9603
953
4118
7385
5455
8822
5525
4863
1704
6961
6848
3089
6541
581
6001
3960
9745
9219
5802
4779
2452
5542
2329
919
9186
8955
1005
4608
9693
8729
3494
1505
7780
9562
9419
3068
6728
2728
7373
8421
2901
6309
4553
4941
2439
416
1752
5104
511
9960
7781
7647
4075
9674
5086
4960
6082
8957
7182
3927
2891
5445
7958
8930
8852
8117
4655
9751
7736
3759
4387
2607
8927
4590
4135
4851
4670
1040
7632
2779
9778
6066
9576
2623
8308
9149
9761
8600
354
398
6201
1226
1687
9495
7633
864
4434
2665
7934
4855
7017
9685
4035
6218
8699
902
1713
9740
8787
2501
1770
655
4389
8784
8246
7795
851
9315
2088
2112
6187
8022
6454
7074
600
9644
2494
5168
8042
8182
264
2629
6825
7106
9369
8755
3739
2659
9417
6898
7409
9530
650
3957
5483
5237
5998
9705
5763
9415
721
8090
6325
3934
9500
8065
4165
7443
4462
9087
8407
9697
1069
2132
7915
1212
8483
4255
5212
3838
3207
725
430
4963
337
2932
6986
9008
9587
1572
9566
1759
1706
3131
6167
6294
3257
5045
3419
5032
8300
4455
2478
5787
3483
2556
6522
6945
7467
8537
915
6839
310
4602
1169
765
3886
1350
4395
7301
6203
7403
1006
2693
4349
5328
1852
3737
6489
91
3693
686
5066
3232
2885
6928
10001
9322
8697
4732
2394
6535
2064
8044
4352
9590
5834
3541
1563
6787
9827
2294
7902
6093
7906
8440
6544
4843
9983
3764
4819
5908
1929
6387
5288
8403
7350
2431
5729
4476
2291
3640
2111
8102
3359
9855
8716
8375
928
1958
887
417
9844
9767
7117
8318
6
6356
4611
3948
2704
3298
6586
4469
5689
1020
5904
9589
7749
8885
4964
8429
7595
3585
7366
1812
281
95
6040
9331
1469
6671
1806
1764
2138
6432
9176
8091
4410
8597
6099
6423
6397
6152
4998
3361
6025
8035
1573
7651
6422
8312
1489
8399
5003
3793
9326
1037
3370
8804
9974
985
2880
6496
6700
6313
6900
3579
8849
3855
673
9947
2655
7070
8260
999
6091
1729
9121
3339
8127
5519
6346
3747
7353
6693
9711
4280
7372
329
8245
9710
6195
2709
3730
9887
7478
7486
2173
9456
2262
9140
6982
6661
942
5169
6127
2838
6870
987
9057
5815
9905
3029
1357
997
9921
2410
5916
6623
3663
8101
5274
5192
2110
10
8703
3249
351
6143
2219
1422
6613
2799
1499
9263
1598
9811
2913
3343
467
4157
2749
7186
6274
1529
1848
1390
7851
3688
254
1765
223
1088
5775
6449
6642
7306
6635
697
4015
4490
5502
8880
4532
5128
4586
1788
6213
8267
7608
8711
7943
7634
8956
9097
9271
6292
7087
5726
214
8316
3836
7037
1406
7232
8247
5880
5514
5914
446
4344
4896
8558
728
4692
8945
141
8013
3675
5135
1188
4408
2420
6780
3218
9681
1688
7580
2289
7470
2792
4897
6643
5391
1291
7303
2373
6722
4211
9416
8813
2746
2924
2292
1725
6774
4701
1717
2080
7425
8911
5209
9583
9232
921
5356
8274
4210
1324
4150
6147
4566
60
3016
6238
420
4099
3742
6921
3392
6702
2483
6219
6784
5565
8319
8098
1012
1210
2306
4936
2007
7122
8750
3307
9365
6408
5101
6256
5978
7977
2566
7386
3540
3478
2124
3221
3936
5670
7384
7370
4159
8926
6505
9479
8252
6312
8815
8923
2243
5497
8448
1231
2119
2789
635
2661
5587
6217
607
6246
5114
1375
6555
3792
1234
6381
6771
439
7742
2276
2344
2215
9082
7975
6396
8067
335
6762
7667
5803
2864
7115
2141
687
3151
7895
9491
5286
2226
8031
9233
9013
12
4873
2568
3556
2859
6683
8847
7685
1354
6742
5939
2606
835
9934
7536
6493
2438
2331
7096
8505
2153
7728
9072
7111
9801
2049
6748
4456
563
443
82
914
8754
5654
8003
2811
8540
5177
814
114
9683
7865
6899
5494
4186
7256
2315
7715
3946
6534
3979
3381
7753
1225
3602
4832
1027
2506
2202
3956
7398
574
9399
1340
3531
699
185
3809
8707
5596
8996
2546
5658
343
1449
4943
8616
9742
4957
1820
4975
7378
8853
6202
9318
6350
6094
5991
3096
3143
3201
2208
2473
5355
182
9554
4725
5792
3915
5857
9531
8742
8620
2082
3595
8230
8414
6299
3689
8346
6428
6829
9453
8007
5158
7178
1580
4253
9042
4519
2
4009
5973
7545
9272
4377
1743
2325
8579
541
2545
7573
5687
4850
6585
6384
1026
4421
7546
7357
9040
8349
683
804
9257
3081
1847
3305
3188
7089
1896
9540
1514
552
1494
8831
8304
6802
1116
2190
6922
1477
1358
9089
4577
9016
4274
8855
2372
8637
9555
2810
448
514
4215
1756
7451
9156
6363
1213
6568
8918
1811
2196
5439
9441
966
9244
7962
1270
7490
4520
8094
8672
2572
5903
1497
3086
2279
6606
6197
8886
3049
3085
4194
1943
9598
521
817
4376
3658
7669
1973
2183
313
8864
5151
569
8967
8046
522
8909
9039
257
6027
4205
892
849
3138
2769
8914
9471
3558
9036
6002
2045
4401
5818
4160
7011
1161
6078
6610
8544
7524
9459
6524
3115
6786
1735
7638
1296
7735
5674
9731
6008
562
2358
5426
4315
389
3422
9294
2275
4259
7559
2476
9617
4164
9358
9806
2481
42
7465
2360
1596
3634
3594
138
3751
9700
5331
6114
7719
6293
5172
382
6820
6674
6068
5746
1942
1506
5865
4218
6018
1426
8960
1437
7909
2695
519
4647
5057
453
946
7516
4765
9248
302
9915
3893
7959
7015
3508
4716
3013
1976
6445
4295
8668
225
7265
5094
9654
3358
1763
4053
1769
2570
9733
2178
9888
5563
2142
8779
7814
4494
7849
7518
935
8567
3507
6631
8357
5377
8087
2063
9959
9696
2984
7476
1309
2854
6251
5546
4676
9564
5589
2387
9933
9451
1830
5839
3973
4864
9796
1617
3447
1447
8773
9297
6537
8241
7363
7557
6306
291
959
2635
5342
5063
8977
8910
7124
4920
2626
2563
3124
9565
3674
7050
6532
7809
4062
4548
4509
9145
7414
9962
3951
6966
7280
6390
9550
2378
7154
7512
2418
603
3899
6476
4972
3116
4871
6398
4237
9661
9967
4383
260
282
8187
696
5930
9834
8903
515
2300
6419
4050
7514
8595
9929
7104
3192
9436
534
5943
4953
9480
6337
968
5414
7281
4475
4206
8984
5512
9744
1127
1139
8180
4094
3310
3620
383
4905
1330
2667
4104
4174
215
6401
8499
3636
9771
9464
6956
6416
9795
3532
8791
4848
408
7065
7828
7705
3082
9939
7968
9794
5447
4128
8249
2050
4833
9119
7169
8808
2314
9630
9290
9935
5621
1149
9044
689
9328
7214
2689
2002
6690
5449
298
7568
5255
1549
3576
4587
9880
869
4866
5966
936
6652
8170
3230
6715
7609
6796
2599
4233
7314
1322
7980
6828
1361
3344
8559
8820
9355
5544
8506
238
2384
5671
5469
2026
758
7284
8737
8188
8788
586
6433
7261
2747
1009
6955
8331
5132
6933
426
2616
1699
6529
3547
80
4744
9435
2449
1280
8354
1115
4105
2259
4878
3000
6857
5868
8480
10000
1230
4034
8133
4036
4303
3355
7508
71
1965
7496
3037
6051
8280
2727
9288
3758
6302
7951
2321
6232
1903
6142
4134
6766
7
4441
9274
547
1062
5530
5295
5005
9970
8645
4242
86
3261
7392
2057
1435
1732
3376
7321
7931
593
3035
9881
8961
9529
2565
9301
8884
6879
3766
989
5227
5134
3103
9752
5821
8422
986
965
1152
3299
4671
9132
2288
9385
8136
8298
8285
3159
2582
6767
8099
9104
5873
8912
3294
4239
5831
9286
7588
6983
4746
5605
1768
4485
5070
5579
1523
3331
3433
8243
3533
6876
9511
7014
5423
53
6414
3618
4213
5586
8132
5951
9647
6756
9150
7846
3256
6960
8763
8433
9942
2223
3769
5251
9209
4938
8184
6441
1948
23
3822
3826
6173
4811
1214
4653
3574
8417
554
7671
8150
1502
3518
5580
9615
7994
32
6601
5765
5585
40
1288
3041
8398
6918
9137
2720
2679
1138
88
9438
6711
5262
8158
6196
794
8393
6486
5836
9718
882
9992
6543
6758
5320
7165
6461
3676
3220
5851
1007
778
9012
1927
210
5969
5198
627
7974
8311
3404
3736
8404
5435
7094
2328
2834
4523
2349
2647
2376
977
8193
9220
3887
9442
9058
3900
4561
9635
9722
3229
8630
2946
190
4241
2001
8605
786
3699
9210
3023
2840
3040
306
2255
2531
4362
447
2429
9559
5157
9093
6924
7654
677
2287
1293
3473
1692
9927
927
3873
6231
3818
1479
7535
8408
7782
5732
8738
6273
3444
7192
4791
9493
1456
1545
1229
5949
3470
7437
5945
1123
8799
9542
7691
9878
4699
5547
2761
4220
2188
745
2158
8160
2366
113
1591
3202
293
7136
1954
8547
1779
3434
6328
8196
3475
7869
9246
4132
589
688
1236
2551
6090
3644
4458
6740
9769
3287
7637
3211
3072
9075
1366
3776
1853
1822
1145
6697
2051
2918
3775
3768
7166
4546
8339
9826
4209
3239
9494
9548
6208
7835
4307
5702
6146
6481
5404
6417
7880
8195
5390
3206
2640
5774
8364
1979
700
8277
8472
5306
3954
1221
1255
6194
4624
9074
3281
9120
5254
3464
8920
7988
1515
8644
6157
5430
6662
9034
9832
2726
1196
9102
9703
9593
89
7523
1367
1861
6516
8428
9510
8929
760
3454
8056
1386
5504
5050
3851
8333
1302
6252
3631
9339
6163
3947
4619
8642
9987
6111
3457
2311
5368
5308
124
540
4460
2910
9088
6492
4353
7675
490
140
9928
9019
8536
2830
2176
3711
6244
8944
2056
3350
7076
6777
8963
5699
1884
2499
5600
1336
1184
2061
3782
370
9786
753
6852
5436
5179
6991
9440
2881
4581
1356
2912
5258
5811
7558
4391
4954
7565
993
7574
3772
9513
3184
4742
3258
3130
8082
1631
6658
6687
1187
6323
7764
174
4860
7449
2979
7044
8015
9852
4454
4393
1124
6884
4198
4290
8236
6931
4256
3297
8501
9813
9090
2662
3672
873
7213
4604
7346
84
7091
8073
8859
4719
7275
5958
6249
9376
5357
6359
8873
7930
2508
8379
3275
596
7297
3856
8765
4603
9261
5428
485
9715
6627
6010
6739
1677
8631
1031
4853
840
359
830
9502
4235
3484
641
1178
3544
5825
762
9631
7375
4591
2220
9514
1269
9405
9864
1488
307
340
7194
961
8812
4661
8268
5693
3367
4542
5992
1181
7806
9807
566
4705
4064
718
3828
2343
4130
4419
1369
8038
5835
1626
6226
3386
8185
4526
6611
6629
2180
6058
4882
5347
5495
2271
1912
8921
6073
6178
5243
4515
7662
5371
9570
4106
344
9541
9606
5215
8100
7189
529
5511
1652
6471
4540
9822
1862
4601
3084
6109
7287
2992
2163
8592
5667
3122
3388
4355
3845
9816
3345
6644
3476
5954
3902
731
8954
2920
9952
3087
364
1262
2796
7244
5281
1794
4730
6224
7216
8866
1321
9895
2165
4762
4986
6327
104
8819
1263
881
1900
1880
152
6962
4933
7752
3140
8946
8233
2669
274
3493
3420
3117
2956
1054
836
8019
2192
3092
796
4563
5805
9041
6434
5346
7410
7615
5313
556
3841
7469
4707
234
37
7033
9066
8594
1837
2441
6593
1071
8309
7234
4417
5199
8719
2630
4910
1762
5968
7113
5971
1368
9953
1172
5027
7868
1154
9476
3990
2330
9011
3842
5554
9370
6840
8402
9265
7775
9130
6118
59
4931
1575
3821
5741
1510
8212
2856
2421
4865
7881
6280
46
9812
998
8006
7073
2515
4981
5895
6810
5810
9473
9735
8355
9207
8768
8865
3236
5232
5566
6404
2754
7618
9575
4538
3645
2543
1396
6368
1645
9869
1920
3608
3349
8991
2114
2357
7341
9659
3790
5064
7062
3566
3723
3278
4858
1272
3660
3839
1292
5388
7036
3321
2569
1641
7522
3282
7205
9917
63
7278
213
224
9180
431
3048
5000
9538
5344
1233
8296
2108
3840
9384
44
3635
1679
4801
350
8058
7563
4823
8255
567
2790
8727
7324
2186
4575
2839
4955
5650
5656
4173
2130
1738
1893
5278
7539
748
6420
2135
2170
5194
8287
9336
1901
9972
4815
3561
3291
9984
1849
9482
2507
287
8619
3997
8939
1624
49
4067
4980
7810
2147
9211
1108
7503
9646
8671
4487
1240
4898
4728
47
7897
5661
4605
5431
4747
3690
6431
1084
3428
7811
232
3867
7714
5861
1871
7380
5023
5521
2516
3066
551
3409
4168
1698
8444
8891
3481
6386
7203
3740
744
4073
3497
5767
1755
9366
4493
9764
2855
4336
202
1275
7922
7821
1096
462
3725
9455
4177
4477
376
8303
8717
6460
5591
8564
9252
2649
8553
296
1391
5936
8351
6860
123
2455
9804
6311
723
4260
5644
7139
6216
2522
1583
8515
3017
4323
5083
698
2100
9153
2101
7238
6764
3837
5122
6069
3831
6605
8112
4223
6450
4727
1962
3234
9062
6247
3199
6038
3154
2150
3466
5090
7307
4720
5360
614
2848
7734
7589
5068
9409
2204
126
6717
3779
6115
5804
949
1771
8747
9052
5383
6604
20
9567
9851
6369
9737
4525
8526
1966
5581
7700
2650
6638
4959
7997
4294
576
5569
659
6736
7422
4649
1227
9779
4151
4232
9229
6666
1374
8470
9136
4635
8023
4539
1730
7206
8002
4726
3877
8578
2456
7889
967
7329
2618
7876
5848
6752
6803
9208
6853
3521
9842
3590
7798
5113
3290
1892
7193
2876
4149
8062
9910
3461
4658
4006
1711
3563
9468
9303
5054
6198
6971
7712
9691
2552
4175
8307
1057
5098
1994
1996
8173
7492
690
7413
1870
9295
360
8922
4158
834
1842
2873
9894
4080
99
8387
7969
7879
103
727
6607
4282
3542
9655
1443
6426
652
127
4802
8442
2714
4162
3181
480
9283
3326
3001
4942
524
5079
8358
3462
2743
8669
8317
1921
1693
8012
5590
472
4589
6050
188
8071
2682
5400
4070
9242
1785
1951
4285
7804
3630
1247
1500
7348
6261
6410
1271
5575
9183
4693
7030
4804
4612
2033
7367
9904
4944
6701
4398
1556
178
7207
6087
9389
476
6936
4688
6598
1503
1603
236
6214
6352
2264
5310
6301
9866
7665
9633
3545
3910
5425
6230
5733
6823
929
43
5550
7023
8202
1992
5826
8854
4287
3974
2949
4452
8223
1805
3679
7482
9833
811
5859
5701
8061
1818
8805
8059
5648
9486
4854
8932
5022
7436
7860
6467
2193
1177
5459
1162
4163
1266
5143
5882
1684
5233
3651
1060
9360
5976
1800
3247
4181
6824
9021
4706
2149
5381
427
701
6362
3128
1905
2312
3453
9971
6730
8905
6692
1619
9624
766
1971
6013
994
5659
8435
6112
1542
6974
1967
3666
2356
9256
4996
7191
6706
4830
4857
3187
9004
7240
2934
3156
8327
2785
8295
4023
9184
2778
1686
1403
2970
4265
6076
433
9225
4319
2736
2060
5697
5714
3180
2395
4620
6727
4643
2710
1815
4543
4077
5844
4405
8165
2798
3414
4600
4999
1446
681
4634
9938
9883
5131
8848
5770
6017
3341
4297
4838
9551
463
1810
4111
776
2835
2608
7012
9253
734
3209
6902
9756
8168
7060
7396
4404
73
8142
6815
6242
2767
2737
145
353
2313
1538
4627
3329
7263
8924
328
153
5047
9596
4351
1498
1171
6942
3205
4555
1111
1758
3621
8475
9568
7936
1025
6336
2883
751
675
6117
1974
268
4976
5463
3509
2801
7676
8582
4803
6527
7377
761
1539
2712
7992
3862
7282
2560
8869
5583
3870
1969
9843
1675
2454
1712
1648
4124
5902
3412
8430
5680
8248
3965
170
2513
8811
6576
3605
9094
5009
2310
7283
645
3525
2182
2228
4201
8552
2211
6735
9337
9993
4628
1414
1919
5523
8693
2385
3756
125
8632
9123
9516
7446
8724
3062
8211
4771
7765
8266
9523
4048
1337
9276
6724
381
8735
2011
9469
7388
9717
2797
5329
9944
8400
3088
8456
5925
9402
5602
7513
503
5266
498
4834
7204
1825
5407
672
1855
7999
464
9902
8774
7382
1193
4840
5721
9789
5015
827
5240
253
3680
5567
4489
7417
4217
7933
6770
2354
3079
5677
3986
9990
366
7439
2115
442
1997
6258
2148
7296
5771
4102
8004
896
3196
1776
9179
2346
8392
8401
1173
3112
2524
7760
7834
6222
1039
9547
8123
3172
7708
7344
3914
7772
4868
2136
255
9857
4886
7694
4133
8681
5351
7842
909
8322
2353
4994
1014
7387
1625
8141
8730
1579
6168
4379
7920
1644
1777
7264
7009
4991
6759
3405
1821
3060
2034
5452
4560
1543
5059
6630
265
714
1481
3705
7727
980
2448
3195
3691
4516
5747
27
6169
2464
2576
8250
135
9496
5718
5527
1033
1023
159
3564
7553
3959
1653
4556
9203
6421
220
6833
1793
6645
1561
610
501
9096
1179
1629
481
7368
7989
9607
3300
2756
3788
8894
7743
361
7007
8821
7440
200
5105
8603
4616
4380
6005
6307
8383
5622
9241
3700
7295
7686
9446
1398
2538
964
3067
8643
8072
767
56
669
7600
4017
660
4821
2078
1248
9592
2004
2860
4768
3503
4284
9719
8974
4648
3142
5116
7552
5874
6997
7957
838
4189
1511
6297
7519
9027
3223
106
4989
582
4086
8623
6344
7577
8034
3488
2988
9823
9954
9264
9690
4467
9519
1701
2699
2866
3285
1460
3892
9874
2352
6909
6358
781
3267
5909
14
1043
1887
6761
9582
1140
6265
8757
9916
1978
2615
3614
1866
6948
1722
2512
719
1913
7006
729
2777
3601
6747
6371
5907
3844
1724
8689
38
5118
3722
5193
195
4673
5302
1607
2583
4852
2755
5703
4231
1137
2003
4775
105
6904
5926
7487
258
4112
8868
7498
9214
5370
1478
9450
3745
1176
7374
6506
7564
2908
2911
7173
1148
952
6033
2722
8856
457
3293
6154
1168
2680
9230
4751
6037
5069
7494
6867
6732
5075
6011
4824
6340
5230
9396
7085
9556
895
5111
7120
2573
3988
6160
9692
637
8838
4906
9422
7330
703
2532
2447
5110
9035
7917
7389
7802
7460
1928
8302
625
1797
8992
199
7020
3940
8017
6022
3773
7598
7847
1341
1616
5362
6791
2167
932
4305
9532
6827
3276
8688
1953
455
7123
6835
7970
5964
4766
7333
4965
6514
2251
184
5724
4044
8997
631
314
6949
9814
7175
7325
271
9238
9445
3313
7882
4365
4709
6411
9363
231
5782
3051
9262
3513
5148
6314
4985
8242
5448
2213
2905
8656
3191
1344
5878
9344
6595
7248
7628
432
1133
9663
6137
3702
3465
7005
2644
8121
7002
8389
4139
7198
3308
7450
1064
1700
4614
8210
6686
3102
1660
1158
1816
2628
8740
2443
2763
390
1507
3950
8881
2617
9791
1185
146
8445
6976
8144
2985
5561
5972
9460
4609
7778
3385
93
9870
5
8271
9955
7349
4346
1066
7877
3933
1408
3402
7566
9085
2230
371
7871
5416
3451
3794
7411
5700
9976
7162
2199
9701
3416
770
4318
4651
7404
9098
7356
948
3686
4084
2446
7025
4372
1311
9031
5570
8751
1392
4021
3007
3459
8488
4687
8513
6847
5004
1878
3982
7643
1728
1029
8683
1521
7161
4114
5038
6817
2412
2086
5942
6868
4817
9738
2610
3182
8572
3939
9932
1359
7174
9240
5615
2632
1080
1081
9173
3829
428
8793
1018
9734
263
4544
2162
500
1004
6523
5030
2123
5136
9280
9071
9026
5138
5450
8390
2224
1854
9914
5808
3296
409
5150
2484
4304
1440
2164
6677
323
9728
1746
6587
2554
345
7626
4262
1814
6458
9421
9245
6047
5933
4089
2878
319
7381
3108
177
9122
1424
2783
2118
4704
5979
6062
7229
3985
1898
5710
833
3757
8217
3288
5722
7874
9678
7433
3598
2485
2389
6103
8770
5035
2555
8437
2282
861
172
8690
8130
9781
321
3551
2427
3382
5838
5888
201
3190
3259
1215
2738
8237
5016
8919
9903
6859
2038
7799
3198
7953
8498
5551
5108
2858
8598
4184
1079
2996
4510
7230
2070
6561
2309
9198
5989
6926
3824
10003
5492
8016
7937
9117
992
9489
9116
2907
4826
2510
4549
2594
3801
4013
8320
6183
5675
7816
664
7168
716
7658
3024
925
7703
6912
613
4763
3071
983
6710
7177
3495
9597
2436
6161
7777
5300
5437
3264
1647
6039
1239
6813
65
3448
9539
3429
5896
4895
466
6072
8093
580
7916
9304
3139
854
3570
6070
1916
1261
4711
2581
8682
3436
2498
7515
6680
4585
3703
1550
1661
9250
6479
9234
7098
4675
1472
926
5788
1568
7219
3121
5303
9699
7246
1451
1113
7935
2940
1673
6284
2393
8450
7408
1438
5994
7358
7125
3005
7289
9169
1482
1790
2383
7586
806
5427
2400
5052
21
7652
4507
2968
8095
6757
7235
2502
9862
5318
988
7142
471
6504
1387
3589
9713
450
6691
3534
4961
4167
3613
3781
2285
5123
4154
8494
3204
6470
6455
5159
5263
6243
852
7400
6751
8718
4545
247
5163
7610
4881
7262
832
5672
3554
6689
7364
5642
962
6897
9324
4867
4051
5599
3251
6528
5462
5424
8145
1070
217
2571
7818
6841
6487
3921
4374
7488
8350
8775
5467
5856
1439
4079
2014
3724
1363
9521
7878
2018
6071
1
5924
1310
939
907
2145
3034
1789
4298
2923
4207
7069
168
6343
9492
3371
6889
4630
7591
1238
8728
5409
6849
1174
1197
7187
4359
6192
8454
9755
76
2397
790
6046
7848
9433
6279
1961
5149
4399
9648
4841
3806
4445
1614
9192
7472
8969
4216
9848
2107
5755
4721
3445
5277
9454
6092
9821
3777
9945
6485
7751
5055
4283
1627
4311
8049
4784
2884
8843
5338
2716
332
2500
3685
5999
7790
419
6014
9086
315
5034
4470
3774
5683
2503
7947
9981
7594
5500
2703
5213
1923
7870
7331
8795
7195
9053
3468
1260
6626
7925
2076
5078
266
8806
6144
304
6085
3212
1157
3731
7972
2134
4085
531
1681
971
9676
1256
4279
9287
5673
1639
1345
3963
4000
3194
5606
9860
9148
1669
3937
3755
2040
3969
2517
1151
5214
8
2526
3930
7153
9427
7762
4004
5541
4244
6263
2580
590
8780
5899
9157
4448
5876
3167
7276
4043
905
5975
3715
8591
7582
8466
6789
5997
1613
1100
2809
2363
5858
7616
3398
5219
440
5827
6939
8950
573
1307
6684
6932
2341
7960
5100
8171
1315
1371
4208
5154
4831
2942
7850
5603
5598
5166
1865
8863
7066
5913
2361
9688
8297
193
8503
5983
8409
5867
388
5337
4631
5676
5901
5327
3767
9081
9890
1733
1461
1977
4530
8958
5267
8590
9497
3803
183
7639
9388
2391
2273
8089
8240
9278
2894
9707
1933
8734
3926
4806
782
1352
565
6620
9408
4119
5470
111
5421
3883
7095
413
7497
1122
707
4879
1085
1513
2467
6838
2225
9946
4570
2407
1654
2641
3859
3020
8585
9065
502
7181
5842
8235
8846
9600
6698
136
7581
374
2126
9398
3255
8875
4100
1827
1577
9998
5060
4715
4928
7320
9846
5937
6436
1516
6729
813
2029
5020
1259
8541
3262
5477
6720
8041
90
5608
6030
8467
4874
653
8219
9465
5041
1072
6394
1890
1016
3557
944
1339
5446
6043
3586
5451
6475
6887
8460
8272
8040
2005
945
9431
102
2642
1944
7683
5184
7423
2734
5890
6378
2509
6464
7938
7202
5655
6088
7474
5139
3535
3046
8830
212
2139
4517
3832
4690
2768
822
4808
6959
671
3770
3336
3865
1537
6542
8673
657
559
8103
1444
4511
5315
6733
3160
667
1423
4698
7462
8105
7621
3830
8520
3449
7624
8092
2495
3253
2698
4781
8629
4861
5534
7642
3643
6373
2077
3163
4929
5405
4502
2536
4794
3748
5438
1349
6310
2638
9604
9045
8781
3984
3813
1047
4234
5399
5985
4579
5186
3593
2053
9095
3094
6973
3882
9010
5757
891
2764
8482
6170
549
7239
4849
8500
1721
4427
6063
5314
8648
8504
4068
3065
2466
8753
7569
3340
6212
175
2945
2105
9585
5402
240
8561
4990
8674
8749
5222
4702
9809
6743
4024
7269
7441
8292
9768
5202
2974
6612
4714
6843
2657
3240
7579
4204
2807
6193
6539
4411
6682
755
3022
4755
8384
3707
3897
299
5653
9918
8155
1934
6819
8589
1405
9147
3584
9281
7156
3682
1737
3808
615
933
2390
4188
3426
1634
913
662
991
1397
4453
6308
6468
278
5840
2058
9527
6395
9982
5679
156
9309
3571
4155
6579
7867
3069
4813
7391
3972
6779
5133
5018
5089
9222
57
8761
2256
616
9025
7053
787
1784
3866
9629
1198
5272
9022
2791
6812
1980
8792
2933
5071
3664
6186
9937
1791
468
2242
7412
3785
4632
3761
557
1926
2125
1306
8599
2269
5742
9602
2868
9462
779
7097
6590
6816
4327
7430
9343
8510
2585
1022
2074
8908
947
5601
9428
5847
8667
2140
2602
8495
1289
1126
3054
3517
7495
4952
1388
1674
4369
7056
5049
5766
3670
4703
7894
1399
623
5627
9673
7001
297
9483
592
4950
5218
2355
1164
333
585
8348
2598
6148
2651
4723
9622
4596
2652
2808
4278
1195
1010
5040
2987
1731
5291
2658
1325
2235
803
1165
8425
5248
4947
956
8380
1360
5259
3896
2214
990
3312
9797
9709
8110
8053
7131
1522
5246
8777
1637
5175
4644
795
6478
1142
2435
8076
3114
8701
7079
1032
2938
5503
6965
9195
1727
2944
4020
4922
8803
1882
6329
6281
8138
4468
7604
6364
9305
1224
5517
169
4428
4148
9977
5247
6862
6300
1774
3002
3027
5187
1678
6716
5694
1452
9205
2591
9546
31
8516
1102
8986
1682
9063
4332
7862
2637
1512
4382
2175
5626
1581
2338
3698
1118
8367
6241
4682
8081
3546
1995
81
2829
4091
9055
9645
579
9831
4641
6540
2496
1338
7361
1380
6987
7093
4243
8178
7924
3991
415
3667
441
3912
1595
5549
8938
3539
5393
7468
6622
5578
3438
8675
6834
9885
1301
8167
8975
2733
7805
1715
5910
8106
5706
8493
5119
1807
9856
6801
3031
7534
316
3119
9133
373
4041
4735
6656
510
1868
3118
1041
5717
7442
6377
4424
1801
1332
8844
3423
7379
6938
858
5917
4708
8326
4700
3632
7424
819
546
2977
867
8696
6647
7738
9936
3706
5812
5643
9054
1553
5923
3225
6283
4308
3787
802
3080
3762
8649
6589
8731
9671
824
978
6278
3876
486
7800
1283
2609
5097
3909
7340
1567
9134
8465
8704
1334
5014
2742
577
3654
5322
3335
5780
6881
9943
308
8432
1850
7567
7170
6893
6977
6229
7648
2160
4330
1685
3318
8314
7666
7718
8208
509
3783
8462
4442
7359
5210
7668
3888
7527
3714
499
2919
1860
8431
3765
2904
564
8535
4745
7520
7112
7886
6712
3347
2814
2795
9159
618
5195
6372
3992
8507
8330
7047
2270
3827
4258
9474
7820
3011
5806
7126
1090
1945
5768
9847
4022
1092
8122
5087
3045
738
5556
5540
6159
1600
5981
2232
6548
7190
8621
167
8258
4829
6772
8531
2398
8882
702
4447
7791
8511
670
5685
8680
7266
3179
4310
9964
121
6285
478
3106
4007
9803
8226
6067
7661
7286
4907
7507
1986
7309
890
4679
3819
9571
2191
5007
6140
7964
7447
6809
7725
4810
3129
9997
6975
52
8329
8962
7614
7228
5900
7242
9111
2475
1525
9508
2752
1441
249
1333
6929
8086
3978
5296
3090
4626
5244
2600
2318
1970
7928
6338
9060
70
3880
2833
6438
7693
6048
4018
8752
9484
8684
9613
1817
713
3396
9049
1121
2622
216
4486
3155
235
8129
1689
5665
6952
4069
1150
7129
5352
5927
5572
4921
711
7226
9730
7923
5906
5759
7068
2083
1680
2886
5013
4657
5921
7055
6964
1103
7071
6345
5662
2690
87
1346
2048
8663
9800
3964
2085
7857
2205
8218
1373
378
4473
8036
9665
2307
3021
6670
3721
7108
5539
8074
6944
9382
3874
4316
8481
8085
5893
633
6491
6268
3012
3891
1782
7696
303
8000
8556
4558
5373
5740
3425
3549
6257
4063
2633
9172
5744
5772
2187
2660
7502
1554
4008
7888
2882
2666
6019
9518
3616
8043
6267
4927
9235
5183
9338
8078
9291
8020
277
7755
7402
2921
8037
7750
6970
9627
5028
5953
5817
6075
2348
4562
7720
4378
9835
6988
5178
8906
4777
6282
6223
9131
4203
4722
1530
9940
6053
4450
2046
2486
474
759
5369
3393
4787
7146
2818
5142
7797
7028
8634
5293
8835
644
5440
7526
5629
5843
6320
3502
6199
5056
2368
6290
910
6407
7016
1593
9379
9619
334
8677
3004
9204
4506
4883
3432
151
8877
270
1146
4782
6714
9524
2133
6000
5875
5082
2613
7444
2547
3743
5006
8055
3301
841
8451
5493
6101
2593
5716
9357
1714
7825
3443
9107
128
2887
3098
9320
2520
5413
9196
9819
7607
619
3280
1028
591
6865
555
5756
2806
8108
1876
7812
8324
8530
4313
4219
4103
6089
5559
9802
134
1404
1055
8928
2675
8798
1450
3028
3272
6341
3315
4052
3684
7914
3127
3820
7656
6854
1606
4498
189
6156
7345
1999
2428
1467
494
2487
8566
5422
1968
1751
7019
5855
3354
9423
5415
5366
9138
805
7342
7744
8453
1663
5420
5798
2432
3814
9139
8897
1998
4343
6811
3895
4129
6334
6713
1432
7477
9401
7517
2850
3904
6908
8273
6125
6668
7551
7789
2334
1351
2480
1957
2802
5761
3238
1402
4885
9609
9477
2075
6993
5610
2200
7786
8079
7376
2676
6883
6113
9634
1630
8573
2024
4588
7965
5532
1465
4324
3168
5361
8706
7511
4333
5947
7300
8118
2740
4407
4335
2117
6619
1316
9463
8871
1753
3189
5174
6559
6139
9879
2784
203
9367
2578
4420
9461
2694
2434
9991
8458
2095
8721
8807
4229
4967
2684
1570
3389
2440
8508
6415
1703
8876
2185
6490
8183
8356
7292
3424
5464
1594
7464
4275
6940
7035
5236
7913
5042
9164
1050
8496
9381
5789
9660
1875
9727
3661
1924
5955
1987
5394
5553
1278
2177
1796
900
5543
414
5582
5785
7313
3237
3317
222
3003
1112
9850
8284
5074
7926
161
9741
6872
7164
8376
9020
6621
7493
8782
2069
8476
7653
2592
7631
4694
5115
9467
1211
391
9599
8613
5480
975
2016
9901
682
2719
4594
6482
3489
1073
4479
6553
7622
1915
3176
48
5982
317
1204
3789
6979
2399
6967
5365
1046
6149
736
9386
6221
2954
4884
1517
4814
5476
8635
3378
3491
7250
3798
9758
4338
6379
594
1120
4537
5560
7887
4797
8010
9420
1153
1384
9334
5731
646
1610
6845
8834
2559
777
920
7271
3611
7611
2966
1918
7438
4030
5786
5398
7900
9923
8587
5235
9828
379
2558
2692
6264
665
5253
5379
4257
1382
3157
6412
7448
4894
2381
1409
1487
2222
5684
588
2603
6580
5952
7732
1412
5749
6204
5488
5669
9299
2707
7560
561
4273
763
7716
2031
1190
578
1739
9985
9941
4138
9113
8652
844
2706
9475
5905
7674
2405
5484
3322
654
6304
4121
1640
9437
8626
599
1552
7838
8569
9684
5950
1555
2093
2544
9488
1024
8251
8227
4152
2317
3885
3265
9739
695
7845
5171
2297
2157
68
7710
3514
3233
970
1584
6600
7680
922
3441
2930
809
9689
6382
4856
5102
4341
634
4576
924
9618
2249
4014
6405
839
2274
6174
2896
5877
1252
1932
642
9270
8207
2424
9127
1856
6084
5127
6501
7132
9614
9909
5376
10002
7407
3353
1331
752
8767
773
8580
8633
7208
4172
4045
7082
5294
6920
5307
2039
5884
7861
4552
6856
7783
3817
3394
2872
1802
9424
3500
22
5737
9170
9574
6453
8989
5944
3038
4136
2936
9333
7646
5990
5011
8487
6602
3850
241
6646
9653
5273
7107
7454
3411
338
1017
1642
5607
7945
3804
8275
2295
5987
749
4505
6798
8776
3552
512
8045
2437
4246
2433
1899
3795
5496
356
6575
5520
4431
8410
3952
5051
1936
2989
7908
4610
5863
8048
6699
8228
2237
6980
484
1623
1964
9411
8381
9452
9922
495
572
3222
2021
326
3983
5728
6391
7635
7041
3753
5870
4650
9319
4435
750
2590
1454
5375
1910
2744
6754
2973
8527
51
237
4299
1008
8870
3668
8533
8575
8201
3907
1163
2248
5929
1742
4240
3916
3942
4187
5341
6978
4314
2304
8766
2688
3917
2027
8850
1940
5336
6546
1013
9302
6969
1535
365
9354
7459
3843
3639
4026
3439
6760
1490
6484
9666
392
7684
3269
2079
9340
4248
8610
1218
7000
2212
4820
3993
6592
2986
3646
628
6059
2967
3
2094
629
4144
7630
6609
452
2861
2853
8166
883
8077
1199
3357
3678
9397
5170
4212
7501
3469
9352
1282
4524
434
7310
8982
9342
418
7929
4423
3716
6676
2238
5065
5147
8229
322
1636
7090
9988
4196
8120
8917
3726
7540
8840
1076
8741
528
7426
6996
9872
6182
7590
3153
4065
8810
8491
8949
2488
6651
78
8574
109
9251
4564
3890
3697
3033
3704
9642
6324
5849
4837
1459
5807
5211
5753
8551
4126
2072
2731
1628
2396
2705
1383
1242
1068
4047
3252
4613
118
2023
6503
3302
8933
3107
2092
4459
4825
4425
9893
5995
5443
1781
9611
5647
1394
191
2326
6664
5204
9151
5931
7919
3559
7121
658
8651
2759
8050
2869
7547
5442
3696
4948
9048
3036
7966
3617
6128
923
1526
7593
7415
8047
8614
3565
5638
8622
8259
2914
1428
5130
756
1107
9418
4983
2065
6129
9015
6189
4192
5773
272
7323
4101
9919
6240
6597
3418
6947
3637
7856
4120
3555
4774
2020
2241
9327
